select  p.name from ds_mysql_prod_tagelement p
--where tagid = 62346

where p.id in (1629853,
1629892,
1629883,
1629841,
1629885,
1629849,
1629893,
1629857,
1629844,
1629872,
1629851,
1629850,
1629889,
1629867,
1629898,
1629861,
1629852,
1629854,
1629895,
1629840,
1629845,
1629865,
1629842,
1629843,
1629858,
1629897,
1629866,
1629847,
1629846,
1629848,
1629869,
1629894,
1629879,
1629860,
1629882,
1629887,
1629862,
1629891,
1629856,
1629873,
1629855,
1629864,
1629863,
1629859,
1629875,
1629900,
1629880,
1629903,
1629876,
1629871,
1629890,
1629896,
1629884,
1629877,
1629874,
1629870,
1629899,
1629868,
1629886,
1629881,
1629888,
1629878,
1629901,
1629902

)